252105
251545
252471
251947
252389
252409
252102
252611
252391
253443
253254
252590
252987
252654
252448
252057
252440
252327
252326
251986
252763
252329
252119
252454
252971
253125
252873
252057
252504
251351
252113
252596
252278
251473
252331
252297
252916
252564
252946
253159
253719
252208
252358
251986
252161
252279
253644
252795
251608
252660
253112
252042
253229
251603
252349
252206
252641
252092
251426
251412
252204
251954
252858
252241
253398
252424
253015
252401
252978
252317
252840
252581
253153
252741
252341
252865
253558
252690
253711
252470
252855
252856
252448
251576
252907
252188
252854
252400
253271
252757
252902
252317
252784
252486
251628
252687
253159
253106
252848
